# amplicon position	effect
1	0.000000000000000000e+00
2	0.000000000000000000e+00
3	0.000000000000000000e+00
4	0.000000000000000000e+00
5	0.000000000000000000e+00
6	0.000000000000000000e+00
7	0.000000000000000000e+00
8	0.000000000000000000e+00
9	0.000000000000000000e+00
10	0.000000000000000000e+00
11	0.000000000000000000e+00
12	0.000000000000000000e+00
13	0.000000000000000000e+00
14	0.000000000000000000e+00
15	0.000000000000000000e+00
16	0.000000000000000000e+00
17	0.000000000000000000e+00
18	0.000000000000000000e+00
19	0.000000000000000000e+00
20	0.000000000000000000e+00
21	0.000000000000000000e+00
22	0.000000000000000000e+00
23	0.000000000000000000e+00
24	0.000000000000000000e+00
25	0.000000000000000000e+00
26	0.000000000000000000e+00
27	0.000000000000000000e+00
28	0.000000000000000000e+00
29	0.000000000000000000e+00
30	0.000000000000000000e+00
31	0.000000000000000000e+00
32	0.000000000000000000e+00
33	0.000000000000000000e+00
34	0.000000000000000000e+00
35	0.000000000000000000e+00
36	0.000000000000000000e+00
37	0.000000000000000000e+00
38	0.000000000000000000e+00
39	0.000000000000000000e+00
40	0.000000000000000000e+00
41	0.000000000000000000e+00
42	0.000000000000000000e+00
43	0.000000000000000000e+00
44	0.000000000000000000e+00
45	0.000000000000000000e+00
46	0.000000000000000000e+00
47	0.000000000000000000e+00
48	0.000000000000000000e+00
49	0.000000000000000000e+00
50	0.000000000000000000e+00
51	0.000000000000000000e+00
52	0.000000000000000000e+00
53	0.000000000000000000e+00
54	0.000000000000000000e+00
55	0.000000000000000000e+00
56	0.000000000000000000e+00
57	0.000000000000000000e+00
58	0.000000000000000000e+00
59	0.000000000000000000e+00
60	0.000000000000000000e+00
61	0.000000000000000000e+00
62	0.000000000000000000e+00
63	0.000000000000000000e+00
64	0.000000000000000000e+00
65	0.000000000000000000e+00
66	0.000000000000000000e+00
67	0.000000000000000000e+00
68	0.000000000000000000e+00
69	0.000000000000000000e+00
70	0.000000000000000000e+00
71	0.000000000000000000e+00
72	0.000000000000000000e+00
73	0.000000000000000000e+00
74	0.000000000000000000e+00
75	0.000000000000000000e+00
76	0.000000000000000000e+00
77	0.000000000000000000e+00
78	0.000000000000000000e+00
79	0.000000000000000000e+00
80	0.000000000000000000e+00
81	0.000000000000000000e+00
82	0.000000000000000000e+00
83	0.000000000000000000e+00
84	0.000000000000000000e+00
85	0.000000000000000000e+00
86	1.658017342861406278e-03
87	4.145043357153516128e-03
88	4.145043357153516128e-03
89	4.145043357153516128e-03
90	4.145043357153516128e-03
91	4.145043357153516128e-03
92	4.421379580963749785e-03
93	8.013750490496797732e-03
94	8.013750490496797732e-03
95	1.436948363813218832e-02
96	1.436948363813218832e-02
97	3.675271776676117264e-02
98	3.702905399057140889e-02
99	3.730539021438164515e-02
100	3.813439888581234699e-02
101	1.879086321909593724e-02
102	1.713284587623453356e-02
103	1.658017342861406451e-02
104	1.658017342861406451e-02
105	8.842759161927499570e-03
106	8.842759161927499570e-03
107	8.566422938117266780e-03
108	7.737414266686563208e-03
109	7.737414266686563208e-03
110	7.737414266686563208e-03
111	7.737414266686563208e-03
112	7.737414266686563208e-03
113	7.737414266686563208e-03
114	7.737414266686563208e-03
115	7.737414266686563208e-03
116	7.737414266686563208e-03
117	7.737414266686563208e-03
118	7.737414266686563208e-03
119	7.737414266686563208e-03
120	7.737414266686563208e-03
121	7.737414266686563208e-03
122	7.737414266686563208e-03
123	7.737414266686563208e-03
124	7.737414266686563208e-03
125	7.737414266686563208e-03
126	7.737414266686563208e-03
127	7.737414266686563208e-03
128	7.737414266686563208e-03
129	7.737414266686563208e-03
130	7.737414266686563208e-03
131	7.737414266686563208e-03
132	7.737414266686563208e-03
133	7.737414266686563208e-03
134	7.737414266686563208e-03
135	7.737414266686563208e-03
136	7.737414266686563208e-03
137	7.737414266686563208e-03
138	7.737414266686563208e-03
139	7.737414266686563208e-03
140	7.737414266686563208e-03
141	7.737414266686563208e-03
142	7.737414266686563208e-03
143	7.737414266686563208e-03
144	7.737414266686563208e-03
145	7.737414266686563208e-03
146	7.737414266686563208e-03
147	7.737414266686563208e-03
148	7.737414266686563208e-03
149	7.737414266686563208e-03
150	7.737414266686563208e-03
151	7.737414266686563208e-03
152	7.737414266686563208e-03
153	7.737414266686563208e-03
154	7.737414266686563208e-03
155	7.737414266686563208e-03
156	7.737414266686563208e-03
157	7.737414266686563208e-03
158	7.737414266686563208e-03
159	7.737414266686563208e-03
160	7.737414266686563208e-03
161	7.737414266686563208e-03
162	7.737414266686563208e-03
163	7.737414266686563208e-03
164	7.737414266686563208e-03
165	7.737414266686563208e-03
166	7.737414266686563208e-03
167	7.737414266686563208e-03
168	7.737414266686563208e-03
169	7.737414266686563208e-03
170	7.737414266686563208e-03
171	7.737414266686563208e-03
172	7.737414266686563208e-03
173	7.737414266686563208e-03
174	7.737414266686563208e-03
175	7.737414266686563208e-03
176	7.737414266686563208e-03
177	7.737414266686563208e-03
178	7.737414266686563208e-03
179	7.737414266686563208e-03
180	7.737414266686563208e-03
181	7.184741819066094159e-03
182	5.526724476204687231e-04
183	0.000000000000000000e+00
184	0.000000000000000000e+00
185	0.000000000000000000e+00
186	0.000000000000000000e+00
187	0.000000000000000000e+00
188	0.000000000000000000e+00
189	0.000000000000000000e+00
190	0.000000000000000000e+00
191	0.000000000000000000e+00
192	0.000000000000000000e+00
193	0.000000000000000000e+00
194	0.000000000000000000e+00
195	0.000000000000000000e+00
196	0.000000000000000000e+00
197	0.000000000000000000e+00
198	0.000000000000000000e+00
199	0.000000000000000000e+00
200	0.000000000000000000e+00
