# amplicon position	effect
1	0.000000000000000000e+00
2	0.000000000000000000e+00
3	0.000000000000000000e+00
4	0.000000000000000000e+00
5	0.000000000000000000e+00
6	0.000000000000000000e+00
7	0.000000000000000000e+00
8	0.000000000000000000e+00
9	0.000000000000000000e+00
10	0.000000000000000000e+00
11	0.000000000000000000e+00
12	0.000000000000000000e+00
13	0.000000000000000000e+00
14	0.000000000000000000e+00
15	0.000000000000000000e+00
16	0.000000000000000000e+00
17	0.000000000000000000e+00
18	0.000000000000000000e+00
19	0.000000000000000000e+00
20	0.000000000000000000e+00
21	0.000000000000000000e+00
22	0.000000000000000000e+00
23	0.000000000000000000e+00
24	0.000000000000000000e+00
25	0.000000000000000000e+00
26	0.000000000000000000e+00
27	0.000000000000000000e+00
28	0.000000000000000000e+00
29	0.000000000000000000e+00
30	0.000000000000000000e+00
31	0.000000000000000000e+00
32	0.000000000000000000e+00
33	0.000000000000000000e+00
34	0.000000000000000000e+00
35	0.000000000000000000e+00
36	0.000000000000000000e+00
37	0.000000000000000000e+00
38	0.000000000000000000e+00
39	0.000000000000000000e+00
40	0.000000000000000000e+00
41	0.000000000000000000e+00
42	0.000000000000000000e+00
43	0.000000000000000000e+00
44	0.000000000000000000e+00
45	0.000000000000000000e+00
46	2.115476828477138704e-03
47	2.115476828477138704e-03
48	2.115476828477138704e-03
49	2.115476828477138704e-03
50	2.115476828477138704e-03
51	2.115476828477138704e-03
52	2.115476828477138704e-03
53	2.115476828477138704e-03
54	2.115476828477138704e-03
55	2.115476828477138704e-03
56	2.115476828477138704e-03
57	2.468056299889995371e-03
58	2.468056299889995371e-03
59	2.468056299889995371e-03
60	2.468056299889995371e-03
61	2.468056299889995371e-03
62	2.468056299889995371e-03
63	2.468056299889995371e-03
64	2.468056299889995371e-03
65	2.468056299889995371e-03
66	2.468056299889995371e-03
67	2.468056299889995371e-03
68	2.468056299889995371e-03
69	2.468056299889995371e-03
70	2.468056299889995371e-03
71	2.468056299889995371e-03
72	2.468056299889995371e-03
73	2.468056299889995371e-03
74	2.468056299889995371e-03
75	2.468056299889995371e-03
76	2.468056299889995371e-03
77	2.468056299889995371e-03
78	2.468056299889995371e-03
79	2.820635771302851605e-03
80	4.936112599779990742e-03
81	4.936112599779990742e-03
82	4.936112599779990742e-03
83	4.936112599779990742e-03
84	4.936112599779990742e-03
85	4.936112599779990742e-03
86	4.936112599779990742e-03
87	4.936112599779990742e-03
88	4.936112599779990742e-03
89	4.936112599779990742e-03
90	4.936112599779990742e-03
91	4.936112599779990742e-03
92	4.936112599779990742e-03
93	4.936112599779990742e-03
94	4.936112599779990742e-03
95	4.936112599779990742e-03
96	4.936112599779990742e-03
97	4.936112599779990742e-03
98	4.936112599779990742e-03
99	1.163512255662426352e-02
100	1.163512255662426352e-02
101	5.641271542605703210e-03
102	4.936112599779990742e-03
103	4.936112599779990742e-03
104	4.936112599779990742e-03
105	4.936112599779990742e-03
106	4.936112599779990742e-03
107	4.936112599779990742e-03
108	4.936112599779990742e-03
109	4.936112599779990742e-03
110	4.936112599779990742e-03
111	4.936112599779990742e-03
112	4.936112599779990742e-03
113	7.051589428257129012e-04
114	7.051589428257129012e-04
115	7.051589428257129012e-04
116	7.051589428257129012e-04
117	7.051589428257129012e-04
118	7.051589428257129012e-04
119	7.051589428257129012e-04
120	7.051589428257129012e-04
121	7.051589428257129012e-04
122	7.051589428257129012e-04
123	7.051589428257129012e-04
124	7.051589428257129012e-04
125	7.051589428257129012e-04
126	7.051589428257129012e-04
127	7.051589428257129012e-04
128	3.525794714128564506e-04
129	3.525794714128564506e-04
130	3.525794714128564506e-04
131	3.525794714128564506e-04
132	3.525794714128564506e-04
133	3.525794714128564506e-04
134	3.525794714128564506e-04
135	3.525794714128564506e-04
136	0.000000000000000000e+00
137	0.000000000000000000e+00
138	0.000000000000000000e+00
139	0.000000000000000000e+00
140	0.000000000000000000e+00
141	0.000000000000000000e+00
142	0.000000000000000000e+00
143	0.000000000000000000e+00
144	0.000000000000000000e+00
145	0.000000000000000000e+00
146	0.000000000000000000e+00
147	0.000000000000000000e+00
148	0.000000000000000000e+00
149	0.000000000000000000e+00
150	0.000000000000000000e+00
151	0.000000000000000000e+00
152	0.000000000000000000e+00
153	0.000000000000000000e+00
154	0.000000000000000000e+00
155	0.000000000000000000e+00
156	0.000000000000000000e+00
157	0.000000000000000000e+00
158	0.000000000000000000e+00
159	0.000000000000000000e+00
160	0.000000000000000000e+00
161	0.000000000000000000e+00
162	0.000000000000000000e+00
163	0.000000000000000000e+00
164	0.000000000000000000e+00
165	0.000000000000000000e+00
166	0.000000000000000000e+00
167	0.000000000000000000e+00
168	0.000000000000000000e+00
169	0.000000000000000000e+00
170	0.000000000000000000e+00
171	0.000000000000000000e+00
172	0.000000000000000000e+00
173	0.000000000000000000e+00
174	0.000000000000000000e+00
175	0.000000000000000000e+00
176	0.000000000000000000e+00
177	0.000000000000000000e+00
178	0.000000000000000000e+00
179	0.000000000000000000e+00
180	0.000000000000000000e+00
181	0.000000000000000000e+00
182	0.000000000000000000e+00
183	0.000000000000000000e+00
184	0.000000000000000000e+00
185	0.000000000000000000e+00
186	0.000000000000000000e+00
187	0.000000000000000000e+00
188	0.000000000000000000e+00
189	0.000000000000000000e+00
190	0.000000000000000000e+00
191	0.000000000000000000e+00
192	0.000000000000000000e+00
193	0.000000000000000000e+00
194	0.000000000000000000e+00
195	0.000000000000000000e+00
196	0.000000000000000000e+00
197	0.000000000000000000e+00
198	0.000000000000000000e+00
199	0.000000000000000000e+00
200	0.000000000000000000e+00
