# amplicon position	effect
1	0.000000000000000000e+00
2	0.000000000000000000e+00
3	0.000000000000000000e+00
4	0.000000000000000000e+00
5	0.000000000000000000e+00
6	0.000000000000000000e+00
7	0.000000000000000000e+00
8	0.000000000000000000e+00
9	0.000000000000000000e+00
10	0.000000000000000000e+00
11	0.000000000000000000e+00
12	0.000000000000000000e+00
13	0.000000000000000000e+00
14	0.000000000000000000e+00
15	0.000000000000000000e+00
16	0.000000000000000000e+00
17	0.000000000000000000e+00
18	0.000000000000000000e+00
19	0.000000000000000000e+00
20	0.000000000000000000e+00
21	0.000000000000000000e+00
22	0.000000000000000000e+00
23	0.000000000000000000e+00
24	0.000000000000000000e+00
25	0.000000000000000000e+00
26	0.000000000000000000e+00
27	0.000000000000000000e+00
28	0.000000000000000000e+00
29	0.000000000000000000e+00
30	0.000000000000000000e+00
31	0.000000000000000000e+00
32	0.000000000000000000e+00
33	0.000000000000000000e+00
34	0.000000000000000000e+00
35	0.000000000000000000e+00
36	0.000000000000000000e+00
37	0.000000000000000000e+00
38	0.000000000000000000e+00
39	0.000000000000000000e+00
40	0.000000000000000000e+00
41	0.000000000000000000e+00
42	0.000000000000000000e+00
43	0.000000000000000000e+00
44	0.000000000000000000e+00
45	0.000000000000000000e+00
46	0.000000000000000000e+00
47	0.000000000000000000e+00
48	0.000000000000000000e+00
49	0.000000000000000000e+00
50	0.000000000000000000e+00
51	0.000000000000000000e+00
52	0.000000000000000000e+00
53	0.000000000000000000e+00
54	0.000000000000000000e+00
55	0.000000000000000000e+00
56	0.000000000000000000e+00
57	0.000000000000000000e+00
58	0.000000000000000000e+00
59	0.000000000000000000e+00
60	0.000000000000000000e+00
61	0.000000000000000000e+00
62	0.000000000000000000e+00
63	0.000000000000000000e+00
64	0.000000000000000000e+00
65	0.000000000000000000e+00
66	0.000000000000000000e+00
67	0.000000000000000000e+00
68	0.000000000000000000e+00
69	0.000000000000000000e+00
70	0.000000000000000000e+00
71	0.000000000000000000e+00
72	0.000000000000000000e+00
73	0.000000000000000000e+00
74	0.000000000000000000e+00
75	0.000000000000000000e+00
76	0.000000000000000000e+00
77	0.000000000000000000e+00
78	3.126406883097393799e-04
79	3.126406883097393799e-04
80	3.126406883097393799e-04
81	3.126406883097393799e-04
82	3.126406883097393799e-04
83	3.126406883097393799e-04
84	3.126406883097393799e-04
85	3.126406883097393799e-04
86	3.126406883097393799e-04
87	3.126406883097393799e-04
88	3.126406883097393799e-04
89	3.126406883097393799e-04
90	3.126406883097393799e-04
91	3.126406883097393799e-04
92	3.126406883097393799e-04
93	3.126406883097393799e-04
94	6.252813766194787598e-04
95	6.252813766194787598e-04
96	6.252813766194787598e-04
97	6.252813766194787598e-04
98	6.252813766194787598e-04
99	6.252813766194787598e-04
100	6.252813766194787598e-04
101	9.379220649292181397e-04
102	6.252813766194787598e-04
103	6.252813766194787598e-04
104	6.252813766194787598e-04
105	6.252813766194787598e-04
106	6.252813766194787598e-04
107	6.252813766194787598e-04
108	6.252813766194787598e-04
109	6.252813766194787598e-04
110	6.252813766194787598e-04
111	6.252813766194787598e-04
112	6.252813766194787598e-04
113	6.252813766194787598e-04
114	6.252813766194787598e-04
115	6.252813766194787598e-04
116	6.252813766194787598e-04
117	6.252813766194787598e-04
118	6.252813766194787598e-04
119	6.252813766194787598e-04
120	6.252813766194787598e-04
121	6.252813766194787598e-04
122	6.252813766194787598e-04
123	6.252813766194787598e-04
124	6.252813766194787598e-04
125	6.252813766194787598e-04
126	6.252813766194787598e-04
127	6.252813766194787598e-04
128	6.252813766194787598e-04
129	6.252813766194787598e-04
130	6.252813766194787598e-04
131	6.252813766194787598e-04
132	6.252813766194787598e-04
133	6.252813766194787598e-04
134	6.252813766194787598e-04
135	6.252813766194787598e-04
136	6.252813766194787598e-04
137	6.252813766194787598e-04
138	6.252813766194787598e-04
139	6.252813766194787598e-04
140	6.252813766194787598e-04
141	6.252813766194787598e-04
142	3.126406883097393799e-04
143	3.126406883097393799e-04
144	3.126406883097393799e-04
145	3.126406883097393799e-04
146	3.126406883097393799e-04
147	3.126406883097393799e-04
148	3.126406883097393799e-04
149	3.126406883097393799e-04
150	3.126406883097393799e-04
151	3.126406883097393799e-04
152	3.126406883097393799e-04
153	3.126406883097393799e-04
154	3.126406883097393799e-04
155	3.126406883097393799e-04
156	3.126406883097393799e-04
157	3.126406883097393799e-04
158	0.000000000000000000e+00
159	0.000000000000000000e+00
160	0.000000000000000000e+00
161	0.000000000000000000e+00
162	0.000000000000000000e+00
163	0.000000000000000000e+00
164	0.000000000000000000e+00
165	0.000000000000000000e+00
166	0.000000000000000000e+00
167	0.000000000000000000e+00
168	0.000000000000000000e+00
169	0.000000000000000000e+00
170	0.000000000000000000e+00
171	0.000000000000000000e+00
172	0.000000000000000000e+00
173	0.000000000000000000e+00
174	0.000000000000000000e+00
175	0.000000000000000000e+00
176	0.000000000000000000e+00
177	0.000000000000000000e+00
178	0.000000000000000000e+00
179	0.000000000000000000e+00
180	0.000000000000000000e+00
181	0.000000000000000000e+00
182	0.000000000000000000e+00
183	0.000000000000000000e+00
184	0.000000000000000000e+00
185	0.000000000000000000e+00
186	0.000000000000000000e+00
187	0.000000000000000000e+00
188	0.000000000000000000e+00
189	0.000000000000000000e+00
190	0.000000000000000000e+00
191	0.000000000000000000e+00
192	0.000000000000000000e+00
193	0.000000000000000000e+00
194	0.000000000000000000e+00
195	0.000000000000000000e+00
196	0.000000000000000000e+00
197	0.000000000000000000e+00
198	0.000000000000000000e+00
199	0.000000000000000000e+00
200	0.000000000000000000e+00
