# amplicon position	effect
1	0.000000000000000000e+00
2	0.000000000000000000e+00
3	0.000000000000000000e+00
4	0.000000000000000000e+00
5	0.000000000000000000e+00
6	0.000000000000000000e+00
7	0.000000000000000000e+00
8	0.000000000000000000e+00
9	0.000000000000000000e+00
10	0.000000000000000000e+00
11	0.000000000000000000e+00
12	0.000000000000000000e+00
13	0.000000000000000000e+00
14	0.000000000000000000e+00
15	0.000000000000000000e+00
16	0.000000000000000000e+00
17	0.000000000000000000e+00
18	0.000000000000000000e+00
19	0.000000000000000000e+00
20	0.000000000000000000e+00
21	0.000000000000000000e+00
22	0.000000000000000000e+00
23	0.000000000000000000e+00
24	0.000000000000000000e+00
25	0.000000000000000000e+00
26	0.000000000000000000e+00
27	0.000000000000000000e+00
28	0.000000000000000000e+00
29	0.000000000000000000e+00
30	0.000000000000000000e+00
31	0.000000000000000000e+00
32	0.000000000000000000e+00
33	0.000000000000000000e+00
34	0.000000000000000000e+00
35	0.000000000000000000e+00
36	0.000000000000000000e+00
37	0.000000000000000000e+00
38	0.000000000000000000e+00
39	0.000000000000000000e+00
40	0.000000000000000000e+00
41	2.302776764982441410e-03
42	2.302776764982441410e-03
43	2.302776764982441410e-03
44	2.302776764982441410e-03
45	2.302776764982441410e-03
46	2.302776764982441410e-03
47	2.302776764982441410e-03
48	2.302776764982441410e-03
49	2.302776764982441410e-03
50	2.302776764982441410e-03
51	2.302776764982441410e-03
52	2.302776764982441410e-03
53	2.302776764982441410e-03
54	2.302776764982441410e-03
55	2.302776764982441410e-03
56	2.302776764982441410e-03
57	2.302776764982441410e-03
58	6.140738039953176804e-03
59	6.140738039953176804e-03
60	6.140738039953176804e-03
61	6.140738039953176804e-03
62	6.140738039953176804e-03
63	6.140738039953176804e-03
64	6.140738039953176804e-03
65	6.140738039953176804e-03
66	6.140738039953176804e-03
67	6.140738039953176804e-03
68	6.140738039953176804e-03
69	6.140738039953176804e-03
70	6.140738039953176804e-03
71	6.908330294947324229e-03
72	6.908330294947324229e-03
73	6.908330294947324229e-03
74	6.908330294947324229e-03
75	6.908330294947324229e-03
76	6.908330294947324229e-03
77	6.908330294947324229e-03
78	6.908330294947324229e-03
79	6.908330294947324229e-03
80	6.908330294947324229e-03
81	6.908330294947324229e-03
82	6.908330294947324229e-03
83	6.908330294947324229e-03
84	7.675922549941470788e-03
85	7.675922549941470788e-03
86	7.675922549941470788e-03
87	7.675922549941470788e-03
88	4.221757402467809367e-02
89	4.221757402467809367e-02
90	4.221757402467809367e-02
91	4.336896240716930917e-02
92	4.989349657461956272e-02
93	5.066108882961371102e-02
94	5.066108882961371102e-02
95	6.754811843948493877e-02
96	6.754811843948493877e-02
97	6.908330294947323535e-02
98	6.985089520446738365e-02
99	7.138607971445568023e-02
100	1.141409683176296763e+00
101	2.966360269424881402e+00
102	1.043925466792040013e-01
103	1.040087505517069272e-01
104	3.377405921974246938e-02
105	2.763332117978929692e-02
106	1.957360250235075025e-02
107	1.688702960987123469e-02
108	1.650323348237416402e-02
109	1.420045671739172087e-02
110	1.420045671739172087e-02
111	1.420045671739172087e-02
112	6.908330294947324229e-03
113	6.908330294947324229e-03
114	6.908330294947324229e-03
115	6.524534167450250083e-03
116	6.524534167450250083e-03
117	6.524534167450250083e-03
118	6.524534167450250083e-03
119	6.524534167450250083e-03
120	6.524534167450250083e-03
121	6.524534167450250083e-03
122	6.140738039953176804e-03
123	6.140738039953176804e-03
124	6.140738039953176804e-03
125	6.140738039953176804e-03
126	3.837961274970735394e-03
127	3.837961274970735394e-03
128	3.837961274970735394e-03
129	3.837961274970735394e-03
130	3.837961274970735394e-03
131	3.837961274970735394e-03
132	3.837961274970735394e-03
133	3.837961274970735394e-03
134	3.837961274970735394e-03
135	3.837961274970735394e-03
136	3.837961274970735394e-03
137	3.837961274970735394e-03
138	3.837961274970735394e-03
139	3.837961274970735394e-03
140	3.837961274970735394e-03
141	3.837961274970735394e-03
142	3.837961274970735394e-03
143	3.837961274970735394e-03
144	3.837961274970735394e-03
145	3.837961274970735394e-03
146	3.837961274970735394e-03
147	3.837961274970735394e-03
148	3.837961274970735394e-03
149	3.837961274970735394e-03
150	3.837961274970735394e-03
151	3.837961274970735394e-03
152	3.837961274970735394e-03
153	3.837961274970735394e-03
154	0.000000000000000000e+00
155	0.000000000000000000e+00
156	0.000000000000000000e+00
157	0.000000000000000000e+00
158	0.000000000000000000e+00
159	0.000000000000000000e+00
160	0.000000000000000000e+00
161	0.000000000000000000e+00
162	0.000000000000000000e+00
163	0.000000000000000000e+00
164	0.000000000000000000e+00
165	0.000000000000000000e+00
166	0.000000000000000000e+00
167	0.000000000000000000e+00
168	0.000000000000000000e+00
169	0.000000000000000000e+00
170	0.000000000000000000e+00
171	0.000000000000000000e+00
172	0.000000000000000000e+00
173	0.000000000000000000e+00
174	0.000000000000000000e+00
175	0.000000000000000000e+00
176	0.000000000000000000e+00
177	0.000000000000000000e+00
178	0.000000000000000000e+00
179	0.000000000000000000e+00
180	0.000000000000000000e+00
181	0.000000000000000000e+00
182	0.000000000000000000e+00
183	0.000000000000000000e+00
184	0.000000000000000000e+00
185	0.000000000000000000e+00
186	0.000000000000000000e+00
187	0.000000000000000000e+00
188	0.000000000000000000e+00
189	0.000000000000000000e+00
190	0.000000000000000000e+00
191	0.000000000000000000e+00
192	0.000000000000000000e+00
193	0.000000000000000000e+00
194	0.000000000000000000e+00
195	0.000000000000000000e+00
196	0.000000000000000000e+00
197	0.000000000000000000e+00
198	0.000000000000000000e+00
199	0.000000000000000000e+00
200	0.000000000000000000e+00
