# amplicon position	effect
1	0.000000000000000000e+00
2	0.000000000000000000e+00
3	0.000000000000000000e+00
4	0.000000000000000000e+00
5	0.000000000000000000e+00
6	0.000000000000000000e+00
7	0.000000000000000000e+00
8	0.000000000000000000e+00
9	0.000000000000000000e+00
10	0.000000000000000000e+00
11	0.000000000000000000e+00
12	0.000000000000000000e+00
13	0.000000000000000000e+00
14	0.000000000000000000e+00
15	0.000000000000000000e+00
16	0.000000000000000000e+00
17	0.000000000000000000e+00
18	0.000000000000000000e+00
19	0.000000000000000000e+00
20	0.000000000000000000e+00
21	0.000000000000000000e+00
22	0.000000000000000000e+00
23	0.000000000000000000e+00
24	0.000000000000000000e+00
25	0.000000000000000000e+00
26	0.000000000000000000e+00
27	0.000000000000000000e+00
28	0.000000000000000000e+00
29	0.000000000000000000e+00
30	0.000000000000000000e+00
31	0.000000000000000000e+00
32	0.000000000000000000e+00
33	0.000000000000000000e+00
34	0.000000000000000000e+00
35	0.000000000000000000e+00
36	0.000000000000000000e+00
37	0.000000000000000000e+00
38	0.000000000000000000e+00
39	0.000000000000000000e+00
40	0.000000000000000000e+00
41	0.000000000000000000e+00
42	0.000000000000000000e+00
43	0.000000000000000000e+00
44	0.000000000000000000e+00
45	0.000000000000000000e+00
46	0.000000000000000000e+00
47	0.000000000000000000e+00
48	0.000000000000000000e+00
49	0.000000000000000000e+00
50	0.000000000000000000e+00
51	0.000000000000000000e+00
52	0.000000000000000000e+00
53	0.000000000000000000e+00
54	0.000000000000000000e+00
55	0.000000000000000000e+00
56	0.000000000000000000e+00
57	0.000000000000000000e+00
58	0.000000000000000000e+00
59	0.000000000000000000e+00
60	0.000000000000000000e+00
61	0.000000000000000000e+00
62	0.000000000000000000e+00
63	0.000000000000000000e+00
64	0.000000000000000000e+00
65	0.000000000000000000e+00
66	0.000000000000000000e+00
67	0.000000000000000000e+00
68	0.000000000000000000e+00
69	0.000000000000000000e+00
70	0.000000000000000000e+00
71	0.000000000000000000e+00
72	0.000000000000000000e+00
73	0.000000000000000000e+00
74	0.000000000000000000e+00
75	0.000000000000000000e+00
76	0.000000000000000000e+00
77	0.000000000000000000e+00
78	0.000000000000000000e+00
79	0.000000000000000000e+00
80	0.000000000000000000e+00
81	0.000000000000000000e+00
82	0.000000000000000000e+00
83	0.000000000000000000e+00
84	0.000000000000000000e+00
85	3.392648131499041643e-04
86	2.374853692049328988e-03
87	4.749707384098657975e-03
88	4.749707384098657975e-03
89	4.749707384098657975e-03
90	5.088972197248562736e-03
91	5.088972197248562736e-03
92	5.088972197248562736e-03
93	1.085647402079693326e-02
94	1.119573883394683715e-02
95	1.424912215229597393e-02
96	1.424912215229597393e-02
97	2.781971467829214006e-02
98	2.781971467829214006e-02
99	2.781971467829214006e-02
100	4.376516089633763346e-02
101	8.311987922172651977e-02
102	1.492765177859578345e-02
103	1.492765177859578345e-02
104	1.492765177859578345e-02
105	1.187426846024664494e-02
106	1.153500364709674104e-02
107	1.153500364709674104e-02
108	1.153500364709674104e-02
109	1.153500364709674104e-02
110	1.153500364709674104e-02
111	1.153500364709674104e-02
112	1.153500364709674104e-02
113	1.153500364709674104e-02
114	1.085647402079693326e-02
115	1.085647402079693326e-02
116	1.085647402079693326e-02
117	1.085647402079693326e-02
118	1.085647402079693326e-02
119	1.085647402079693326e-02
120	1.085647402079693326e-02
121	1.085647402079693326e-02
122	1.085647402079693326e-02
123	1.085647402079693326e-02
124	1.085647402079693326e-02
125	1.085647402079693326e-02
126	1.051720920764702936e-02
127	1.051720920764702936e-02
128	1.051720920764702936e-02
129	1.051720920764702936e-02
130	1.051720920764702936e-02
131	1.051720920764702936e-02
132	1.051720920764702936e-02
133	1.051720920764702936e-02
134	1.051720920764702936e-02
135	1.051720920764702936e-02
136	1.051720920764702936e-02
137	1.051720920764702936e-02
138	1.051720920764702936e-02
139	1.051720920764702936e-02
140	1.051720920764702936e-02
141	1.051720920764702936e-02
142	1.051720920764702936e-02
143	1.051720920764702936e-02
144	1.051720920764702936e-02
145	1.051720920764702936e-02
146	1.051720920764702936e-02
147	1.051720920764702936e-02
148	1.051720920764702936e-02
149	1.051720920764702936e-02
150	1.051720920764702936e-02
151	1.051720920764702936e-02
152	1.051720920764702936e-02
153	1.051720920764702936e-02
154	1.051720920764702936e-02
155	1.051720920764702936e-02
156	1.051720920764702936e-02
157	1.051720920764702936e-02
158	1.051720920764702936e-02
159	1.051720920764702936e-02
160	1.051720920764702936e-02
161	1.051720920764702936e-02
162	1.051720920764702936e-02
163	1.051720920764702936e-02
164	1.051720920764702936e-02
165	1.051720920764702936e-02
166	1.051720920764702936e-02
167	1.051720920764702936e-02
168	1.051720920764702936e-02
169	1.051720920764702936e-02
170	1.051720920764702936e-02
171	1.051720920764702936e-02
172	1.051720920764702936e-02
173	1.051720920764702936e-02
174	1.051720920764702936e-02
175	1.051720920764702936e-02
176	1.051720920764702936e-02
177	1.051720920764702936e-02
178	1.051720920764702936e-02
179	1.017794439449712547e-02
180	9.499414768197315950e-03
181	9.160149955047412057e-03
182	0.000000000000000000e+00
183	0.000000000000000000e+00
184	0.000000000000000000e+00
185	0.000000000000000000e+00
186	0.000000000000000000e+00
187	0.000000000000000000e+00
188	0.000000000000000000e+00
189	0.000000000000000000e+00
190	0.000000000000000000e+00
191	0.000000000000000000e+00
192	0.000000000000000000e+00
193	0.000000000000000000e+00
194	0.000000000000000000e+00
195	0.000000000000000000e+00
196	0.000000000000000000e+00
197	0.000000000000000000e+00
198	0.000000000000000000e+00
199	0.000000000000000000e+00
200	0.000000000000000000e+00
